time	flux	sflux
----	----	-----
3264.255511	1.000576	0.000000
3264.562042	1.000304	0.000000
3264.756179	1.000318	0.000000
3265.011622	1.000251	0.000000
3265.256848	1.000198	0.000000
3265.532726	1.000190	0.000000
3265.767734	1.000137	0.000000
3266.023177	1.000125	0.000000
3266.258185	0.999898	0.000000
3266.513628	0.999846	0.000000
3266.769072	0.999695	0.000000
3267.014298	0.999702	0.000000
3267.269741	0.999543	0.000000
3267.525185	0.999538	0.000000
3267.760193	0.999490	0.000000
3268.015636	0.999404	0.000000
3268.291516	0.999334	0.000000
3268.516306	0.999287	0.000000
3268.761532	0.999297	0.000000
3269.027194	0.999245	0.000000
3269.292855	0.999312	0.000000
3269.527864	0.999270	0.000000
3269.783308	0.999287	0.000000
3270.038752	0.999401	0.000000
3270.304413	0.999323	0.000000
3270.518986	0.999328	0.000000
3270.784648	0.999413	0.000000
3271.050310	0.999373	0.000000
3271.295536	0.999461	0.000000
3271.530545	0.999493	0.000000
3271.785990	0.999559	0.000000
3272.041434	0.999657	0.000000
3272.296878	0.999741	0.000000
3272.531887	0.999807	0.000000
3272.787331	0.999795	0.000000
3273.032558	0.999894	0.000000
3273.298220	0.999820	0.000000
3273.543447	0.999999	0.000000
3273.788674	1.000029	0.000000
3274.044118	1.000038	0.000000
3274.309781	1.000047	0.000000
3274.544790	1.000080	0.000000
3274.779799	1.000127	0.000000
3275.035244	1.000213	0.000000
3275.290688	1.000241	0.000000
3275.525698	1.000268	0.000000
3275.760707	1.000407	0.000000
3276.026370	1.000422	0.000000
3276.281814	1.000491	0.000000
3276.527041	1.000583	0.000000
3276.782486	1.000592	0.000000
3277.027713	1.000617	0.000000
3277.283159	1.000662	0.000000
3277.528386	1.000695	0.000000
3277.773613	1.000765	0.000000
3278.029058	1.000721	0.000000
3278.284503	1.000763	0.000000
3278.529730	1.000715	0.000000
3278.785176	1.000736	0.000000
3279.030403	1.000737	0.000000
3279.285848	1.000775	0.000000
3279.520858	1.000733	0.000000
3279.786521	1.000749	0.000000
3280.031748	1.000775	0.000000
3280.297411	1.000768	0.000000
3280.532421	1.000740	0.000000
3280.777649	1.000730	0.000000
3281.043312	1.000755	0.000000
3281.308975	1.000755	0.000000
3281.554202	1.000842	0.000000
3281.850519	1.000745	0.000000
3282.065093	1.000776	0.000000
3282.310321	1.000890	0.000000
3282.555549	1.000835	0.000000
3282.800776	1.000849	0.000000
3283.056222	1.000810	0.000000
3283.301449	1.000809	0.000000
3283.597766	1.000852	0.000000
3283.812341	1.000666	0.000000
3284.057568	1.000630	0.000000
3284.313014	1.000575	0.000000
3284.558242	1.000476	0.000000
3284.793252	1.000402	0.000000
3285.058915	1.000373	0.000000
3285.314361	1.000236	0.000000
3285.559589	1.000181	0.000000
3285.763945	1.000144	0.000000
3286.070480	0.999983	0.000000
3286.305490	0.999972	0.000000
3286.560936	0.999818	0.000000
3286.806164	0.999681	0.000000
3287.051392	0.999549	0.000000
3287.296619	0.999512	0.000000
3287.541847	0.999351	0.000000
3287.797293	0.999229	0.000000
3288.052739	0.999174	0.000000
3288.287749	0.999025	0.000000
3288.543195	0.998873	0.000000
3288.788423	0.998818	0.000000
3289.043868	0.998707	0.000000
3289.299314	0.998596	0.000000
3289.544542	0.998697	0.000000
3289.769335	0.998456	0.000000
3290.045216	0.998333	0.000000
3290.300662	0.998234	0.000000
3290.545890	0.998049	0.000000
3290.791118	0.997980	0.000000
3291.046563	0.997871	0.000000
3291.302009	0.997792	0.000000
3291.547237	0.997682	0.000000
3291.802683	0.997620	0.000000
3292.058129	0.997496	0.000000
3292.303357	0.997519	0.000000
3292.548585	0.997505	0.000000
3292.793813	0.997551	0.000000
3293.059476	0.997512	0.000000
3293.325140	0.997612	0.000000
3293.570368	0.997561	0.000000
3293.815596	0.997691	0.000000
3294.060824	0.997714	0.000000
3294.326488	0.997783	0.000000
3294.571716	0.997718	0.000000
3294.816944	0.997895	0.000000
3295.072389	0.997915	0.000000
3295.327835	0.998102	0.000000
3295.573063	0.998208	0.000000
3295.818291	0.998349	0.000000
3296.073737	0.998472	0.000000
3296.318965	0.998605	0.000000
3296.574410	0.998675	0.000000
3296.809420	0.998637	0.000000
3297.064866	0.998804	0.000000
3297.330530	0.998894	0.000000
3297.565540	0.998993	0.000000
3297.820985	0.999241	0.000000
3298.066213	0.999373	0.000000
3298.321659	0.999469	0.000000
3298.566887	0.999598	0.000000
3298.812114	0.999635	0.000000
3299.067560	0.999758	0.000000
3299.323006	0.999741	0.000000
3299.558015	0.999827	0.000000
3299.813461	0.999914	0.000000
3300.068907	0.999978	0.000000
3300.324352	0.999888	0.000000
3300.569580	0.999970	0.000000
3300.814808	0.999968	0.000000
3301.060035	0.999952	0.000000
3301.325698	0.999903	0.000000
3301.550490	0.999959	0.000000
3301.816154	0.999786	0.000000
3302.071599	0.999708	0.000000
3302.316827	0.999757	0.000000
3302.572272	0.999644	0.000000
3302.797064	0.999613	0.000000
3303.062727	0.999653	0.000000
3303.328390	0.999577	0.000000
3303.553182	0.999577	0.000000
3303.818845	0.999539	0.000000
3304.064072	0.999508	0.000000
3304.329735	0.999525	0.000000
3304.564745	0.999476	0.000000
3304.820190	0.999482	0.000000
3305.075635	0.999543	0.000000
3305.331080	0.999550	0.000000
3305.586525	0.999578	0.000000
3305.821535	0.999659	0.000000
3306.066762	0.999680	0.000000
3306.332425	0.999755	0.000000
3306.598088	0.999831	0.000000
3306.822879	0.999858	0.000000
3307.078324	0.999976	0.000000
3307.333769	1.000024	0.000000
3307.599431	1.000132	0.000000
3307.824223	1.000200	0.000000
3308.079668	1.000227	0.000000
3308.345330	1.000356	0.000000
3308.580339	1.000481	0.000000
3308.825566	1.000459	0.000000
3309.091229	1.000601	0.000000
3309.336455	1.000622	0.000000
3309.591900	1.000614	0.000000
3309.826909	1.000811	0.000000
3310.082353	1.000815	0.000000
3310.348016	1.000887	0.000000
3310.583024	1.000867	0.000000
3310.828251	1.000738	0.000000
3311.073478	1.000816	0.000000
3311.339140	1.000882	0.000000
3311.563931	1.000851	0.000000
3311.819375	1.000862	0.000000
3312.085037	1.000797	0.000000
3312.330263	1.000906	0.000000
3312.585707	1.000874	0.000000
3312.830934	1.000900	0.000000
3313.076160	1.000933	0.000000
3313.331604	1.000880	0.000000
3313.576830	1.000932	0.000000
3313.822056	1.000973	0.000000
3314.077500	1.000975	0.000000
3314.332944	1.000963	0.000000
3314.588387	1.001012	0.000000
3314.823396	1.000966	0.000000
3315.089057	1.000923	0.000000
3315.324065	1.000962	0.000000
3315.589727	1.000979	0.000000
3315.794081	1.000958	0.000000
3316.080178	1.000977	0.000000
3316.335622	1.000925	0.000000
3316.591065	1.000920	0.000000
3316.826073	1.000994	0.000000
3317.091734	1.001009	0.000000
3317.347177	1.001033	0.000000
3317.592403	1.001073	0.000000
3317.847846	1.001148	0.000000
3318.093071	1.001057	0.000000
3318.368950	1.001059	0.000000
3318.593739	1.001099	0.000000
3318.838965	1.000963	0.000000
3319.104625	1.001010	0.000000
3319.370286	1.000978	0.000000
3319.615511	1.000912	0.000000
3319.850518	1.000917	0.000000
3320.105961	1.000834	0.000000
3320.351186	1.000728	0.000000
3320.596410	1.000723	0.000000
3320.851853	1.000559	0.000000
3321.097078	1.000488	0.000000
3321.362738	1.000439	0.000000
3321.597745	1.000387	0.000000
3321.853187	1.000360	0.000000
3322.098411	1.000287	0.000000
3322.353854	1.000170	0.000000
3322.609296	1.000046	0.000000
3322.854520	0.999984	0.000000
3323.089527	0.999845	0.000000
3323.355186	0.999739	0.000000
3323.590193	0.999627	0.000000
3323.845634	0.999450	0.000000
3324.090859	0.999385	0.000000
3324.356518	0.999217	0.000000
3324.591524	0.999133	0.000000
3324.836748	0.998992	0.000000
3325.092190	0.999011	0.000000
3325.357849	0.998901	0.000000
3325.603072	0.998858	0.000000
3325.838078	0.998751	0.000000
3326.103737	0.998698	0.000000
3326.359178	0.998582	0.000000
3326.594184	0.998645	0.000000
3326.849625	0.998535	0.000000
3327.105066	0.998500	0.000000
3327.350289	0.998467	0.000000
3327.605730	0.998481	0.000000
3327.850953	0.998512	0.000000
3328.106394	0.998543	0.000000
3328.361834	0.998566	0.000000
3328.607057	0.998661	0.000000
3328.780757	0.998766	0.000000
3333.143669	0.999260	0.000000
3333.368455	0.999316	0.000000
3333.603459	0.999422	0.000000
3333.869116	0.999589	0.000000
3334.124555	0.999840	0.000000
3334.369776	0.999940	0.000000
3334.614997	0.999980	0.000000
3334.870436	1.000034	0.000000
3335.125874	1.000113	0.000000
3335.371095	1.000204	0.000000
3335.606099	1.000225	0.000000
3335.861537	1.000224	0.000000
3336.116975	1.000208	0.000000
3336.372414	1.000233	0.000000
3336.607417	1.000253	0.000000
3336.852637	1.000114	0.000000
3337.118292	1.000071	0.000000
3337.363513	1.000080	0.000000
3337.618951	1.000018	0.000000
3337.853953	1.000006	0.000000
3338.119608	1.000023	0.000000
3338.364828	0.999995	0.000000
3338.610048	1.000026	0.000000
3338.855268	0.999956	0.000000
3339.110706	0.999992	0.000000
3339.366143	1.000073	0.000000
3339.611362	1.000106	0.000000
3339.856582	1.000116	0.000000
3340.122236	1.000150	0.000000
3340.387891	1.000161	0.000000
3340.612675	1.000225	0.000000
3340.857894	1.000328	0.000000
3341.123548	1.000350	0.000000
3341.389202	1.000423	0.000000
3341.634421	1.000517	0.000000
