212013281 2458133.5
211693508 2458133.5
211936772 2458133.5
212166808 2458133.5
211818581 2458133.5
211946900 2458133.5
212093295 2458133.5
211825485 2458133.5
211754103 2458133.5
211841501 2458133.5
211695331 2458133.5
212030997 2458133.5
212037002 2458133.5
212004790 2458133.5
212119741 2458133.5
211845940 2458133.5
211720173 2458133.5
211954550 2458133.5
211695537 2458133.5
211950227 2458133.5
212086571 2458133.5
212121350 2458133.5
211814413 2458133.5
211750200 2458133.5
211696686 2458133.5
212130717 2458133.5
212010530 2458133.5
212006344 2458133.5
212118494 2458133.5
212109644 2458133.5
211842729 2458133.5
211811652 2458133.5
212110594 2458133.5
212092574 2458133.5
211811359 2458133.5
212118357 2458133.5
211531076 2458133.5
212024392 2458133.5
212164712 2458133.5
211725118 2458133.5
