211814413
211818581
211845940
211699606
212006344
211529603
212118494
212092574
211481688
211427097
211695537
211531076
212024392
212037002
211827122
211720173
212093295
211622479
211949026
211487667
211696686
211529519
212164712
211529184
212004790
212118357
211750200
211693508
212110594
212030997
211494107
211695331
211818901
211842729
211748624
211505372
212119741
211811652
211838719
212121350
211677447
212130717
211754103
212010530
211936772
211946900
211499698
211497202
211825485
211841501
211950227
211707875
212013281
211516730
212109644
211811359
211725118
211706914
211954550
212086571
211922975
211947064
211826254
211432321
212165841
211889233
